{"nbformat":4,"nbformat_minor":0,"metadata":{"kernelspec":{"display_name":"Python 3","language":"python","name":"python3"},"language_info":{"codemirror_mode":{"name":"ipython","version":3},"file_extension":".py","mimetype":"text/x-python","name":"python","nbconvert_exporter":"python","pygments_lexer":"ipython3","version":"3.8.5"},"colab":{"name":"Hessenberg.ipynb","provenance":[]}},"cells":[{"cell_type":"markdown","metadata":{"id":"3pVuRyN3SoZt"},"source":["### Inputs"]},{"cell_type":"code","metadata":{"id":"KQoG84P_SoZX"},"source":["import numpy as np\n","\n","# super -> (x,0,0)\n","# super with brackets -> (x,1,0)\n","# sub -> (x,0,1)\n","# sub with brackets -> (x,1,1)\n","\n","def getscrpt(x,flag,subs=0):\n","    if(type(x)==int):\n","        x = str(x)\n","    normal = \"t0123456789+-=()\"\n","    super_s = \"ᵗ⁰¹²³⁴⁵⁶⁷⁸⁹⁺⁻⁼⁽⁾\"\n","    sub_s = \"ₜ₀₁₂₃₄₅₆₇₈₉₊₋₌₍₎\"\n","    if subs==1:\n","        res = x.maketrans(''.join(normal), ''.join(sub_s))\n","    else:\n","        res = x.maketrans(''.join(normal), ''.join(super_s))\n","    if flag==1:\n","        if subs==1:\n","            return \"₍\"+x.translate(res)+\"₎\"\n","        else:\n","            return \"⁽\"+x.translate(res)+\"⁾\"\n","    else:\n","        return x.translate(res) "],"execution_count":null,"outputs":[]},{"cell_type":"code","metadata":{"id":"YW_8mLniSoZu"},"source":["A = np.array([[1,2,3,4],\n","             [4,5,6,7],\n","             [2,1,5,0],\n","             [4,2,1,0]])"],"execution_count":null,"outputs":[]},{"cell_type":"markdown","metadata":{"id":"aMMmTUCoSoZw"},"source":["# ITERATION 1"]},{"cell_type":"code","metadata":{"id":"GIvaH7MZSoZx","outputId":"506eaba7-e4ba-419b-998e-79da80b5f1bc"},"source":["# Edit d & e here\n","d = np.array([[4],[2],[4]]) \n","e = np.array([[1],[0],[0]])\n","# ---------------------------------------\n","\n","Beta = -1 * np.linalg.norm(d,2)\n","print(\"Beta = -||d||{} = {}\".format(getscrpt(2,0,1),Beta))\n","\n","dBe = d-Beta*e\n","print(\"d-Be{} = {}{}\".format(getscrpt(1,1,0),np.transpose(dBe)[0],getscrpt(\"t\",0,0)))\n","\n","dBeNorm = np.linalg.norm(dBe,2)\n","print(\"||d-Be{}||{} = {:.5f}\".format(getscrpt(1,1,0),getscrpt(2,0,1),dBeNorm))\n","\n","Alpha = 1.414/dBeNorm\n","print(\"Alpha = {:.5f}\".format(Alpha))\n","\n","v = Alpha*dBe\n","print(\"v = Alpha*[d-Be{}] = {}{}\".format(getscrpt(1,1,0),np.transpose(v)[0],getscrpt(\"t\",0,0)))\n","\n","vvt = np.dot(v,np.transpose(v))\n","I = np.identity(vvt.shape[0])\n","U = I-vvt\n","print(\"\\nvv*=\",vvt)\n","print(\"\\nU =\",U)\n","\n","U = np.pad(U,((1, 0), (1, 0)))\n","U[0][0]=1\n","print(\"\\nPadded U =\",U)\n","\n","H1 = np.dot(U,np.dot(A,U))\n","np.set_printoptions(formatter={'float_kind':'{:f}'.format})\n","print(\"\\nH{} = UAU* = {}\".format(getscrpt(1,0,1),H1))        "],"execution_count":null,"outputs":[{"output_type":"stream","text":["Beta = -||d||₂ = -6.0\n","d-Be⁽¹⁾ = [10.  2.  4.]ᵗ\n","||d-Be⁽¹⁾||₂ = 10.95445\n","Alpha = 0.12908\n","v = Alpha*[d-Be⁽¹⁾] = [1.29079949 0.2581599  0.5163198 ]ᵗ\n","\n","vv*= [[1.66616333 0.33323267 0.66646533]\n"," [0.33323267 0.06664653 0.13329307]\n"," [0.66646533 0.13329307 0.26658613]]\n","\n","U = [[-0.66616333 -0.33323267 -0.66646533]\n"," [-0.33323267  0.93335347 -0.13329307]\n"," [-0.66646533 -0.13329307  0.73341387]]\n","\n","Padded U = [[ 1.          0.          0.          0.        ]\n"," [ 0.         -0.66616333 -0.33323267 -0.66646533]\n"," [ 0.         -0.33323267  0.93335347 -0.13329307]\n"," [ 0.         -0.66646533 -0.13329307  0.73341387]]\n","\n","H₁ = UAU* = [[1.000000 -4.997886 1.600423 1.200846]\n"," [-5.996980 8.545861 -3.621041 0.753993]\n"," [0.000604 1.375939 3.009145 -1.382494]\n"," [0.001208 5.750973 -2.381890 -1.565351]]\n"],"name":"stdout"}]},{"cell_type":"markdown","metadata":{"id":"7CrhQrDnSoZ0"},"source":["# ITERATION 2"]},{"cell_type":"code","metadata":{"scrolled":false,"id":"ewzz82G8SoZ1","outputId":"ff61233f-2564-44ac-9765-9f2d8d0cad34"},"source":["# Edit d & e here\n","d = np.array([[1.379],[5.759]])\n","e = np.array([[1],[0]])\n","# ---------------------------------------\n","\n","Beta = -1 * np.linalg.norm(d,2)\n","print(\"Beta = -||d||{} = {}\".format(getscrpt(2,0,1),Beta))\n","\n","dBe = d-Beta*e\n","print(\"d-Be{} = {}{}\".format(getscrpt(1,1,0),np.transpose(dBe)[0],getscrpt(\"t\",0,0)))\n","\n","dBeNorm = np.linalg.norm(dBe,2)\n","print(\"||d-Be{}||{} = {:.5f}\".format(getscrpt(1,1,0),getscrpt(2,0,1),dBeNorm))\n","\n","Alpha = 1.414/dBeNorm\n","print(\"Alpha = {:.5f}\".format(Alpha))\n","\n","v = Alpha*dBe\n","print(\"v = Alpha*[d-Be{}] = {}{}\".format(getscrpt(1,1,0),np.transpose(v)[0],getscrpt(\"t\",0,0)))\n","\n","vvt = np.dot(v,np.transpose(v))\n","I = np.identity(vvt.shape[0])\n","U = I-vvt\n","print(\"\\nvv*=\",vvt)\n","print(\"\\nU =\",U)\n","U = np.pad(U,((2, 0), (2, 0)))\n","\n","# Uncomment below for a 3x3 A\n","# U = np.pad(U,((1, 0), (1, 0)))\n","\n","U[0][0]=1\n","print(\"\\nPadded U =\",U)\n","\n","from scipy.linalg import hessenberg\n","H, Q = hessenberg(A, calc_q=True)\n","print(\"\\nH{} = UH{}U* = {}\".format(getscrpt(2,0,1),getscrpt(1,0,1),H))"],"execution_count":null,"outputs":[{"output_type":"stream","text":["Beta = -||d||₂ = -5.9218005707723735\n","d-Be⁽¹⁾ = [7.300801 5.759000]ᵗ\n","||d-Be⁽¹⁾||₂ = 9.29880\n","Alpha = 0.15206\n","v = Alpha*[d-Be⁽¹⁾] = [1.110178 0.875728]ᵗ\n","\n","vv*= [[1.232496 0.972215]\n"," [0.972215 0.766900]]\n","\n","U = [[-0.232496 -0.972215]\n"," [-0.972215 0.233100]]\n","\n","Padded U = [[1.000000 0.000000 0.000000 0.000000]\n"," [0.000000 0.000000 0.000000 0.000000]\n"," [0.000000 0.000000 -0.232496 -0.972215]\n"," [0.000000 0.000000 -0.972215 0.233100]]\n","\n","H₂ = UH₁U* = [[1.000000 -5.000000 -1.539516 -1.276672]\n"," [-6.000000 8.555556 0.108475 3.698593]\n"," [0.000000 -5.918166 -2.168879 -1.142756]\n"," [0.000000 0.000000 -0.142756 3.613324]]\n"],"name":"stdout"}]}]}